4 folds

[
  [           HR     SHA     EPI      HP    Total  ]
  [  sreg   0.8687  0.9207  0.9225  0.8583  0.8926 ]
  [  creg   0.8269  0.9105  0.9150  0.8021  0.8636 ]
  [  ereg   0.8639  0.9086  0.9166  0.8330  0.8805 ]
  [  knn    0.8638  0.8855  0.9294  0.8506  0.8823 ]
  [  mean   0.8676  0.8913  0.9070  0.8068  0.8682 ]
  [  med    0.8958  0.9038  0.9076  0.8076  0.8787 ]
]


10 folds
[
  [           HR     SHA     EPI      HP    Total  ]
  [  sreg   0.8683  0.9188  0.9189  0.8565  0.8906 ]
  [  creg   0.8300  0.9084  0.9161  0.8014  0.8640 ]
  [  ereg   0.8650  0.9084  0.9177  0.8359  0.8818 ]
  [  knn    0.8638  0.8855  0.9294  0.8506  0.8823 ]
  [  mean   0.8676  0.8913  0.9070  0.8068  0.8682 ]
  [  med    0.8958  0.9038  0.9076  0.8076  0.8787 ]
]


10 folds, 500 iterations:

[
  [           HR     SHA     EPI      HP    Total  ]
  [  sreg   0.8949  0.9286  0.9211  0.9140  0.9146 ]
  [  creg   0.8710  0.8954  0.9106  0.7868  0.8659 ]
  [  ereg   0.8955  0.8927  0.9152  0.8592  0.8906 ]
  [  knn    0.9360  0.8847  0.9303  0.8245  0.8939 ]
  [  mean   0.8977  0.8514  0.8998  0.8266  0.8689 ]
  [  med    0.9103  0.8809  0.9068  0.8169  0.8787 ]
]


10 folds 1000 iterations
[
  [           HR     SHA     EPI      HP    Total  ]
  [  sreg   0.8947  0.9293  0.9387  0.8808  0.9109 ]
  [  creg   0.8825  0.8510  0.9360  0.8265  0.8740 ]
  [  ereg   0.8971  0.8508  0.9303  0.8644  0.8856 ]
  [  knn    0.9358  0.9537  0.9248  0.8898  0.9260 ]
  [  mean   0.8973  0.8082  0.9178  0.8550  0.8696 ]
  [  med    0.9103  0.8712  0.9323  0.8582  0.8930 ]
]

